========================================================================
 CAUSAL PATCHSCOPES: swap h at the 6th-latent position
========================================================================
N=32, max_new=20

Sample-by-sample (first 16):
  gold  codi  | own    zero   shuffled random
  [0]  18.0   18.0  |   18.0    18.0    18.0    18.0
  [1]   3.0    3.0  |    3.0     3.0     3.0     3.0
  [2] 70000.0  30000.0  | 30000.0  30000.0  30000.0  30000.0
  [3] 540.0  540.0  |  540.0   540.0   540.0   540.0
  [4]  20.0   40.0  |   40.0    40.0    40.0    40.0
  [5]  64.0   44.0  |   44.0    64.0    44.0    64.0
  [6] 260.0  260.0  |  260.0   260.0   260.0   260.0
  [7] 160.0  140.0  |  140.0   140.0   140.0   140.0
  [8]  45.0   70.0  |   70.0    70.0    70.0    70.0
  [9] 460.0  530.0  |  530.0   530.0   530.0   530.0
  [10] 366.0  342.0  |  342.0   342.0   342.0   282.0
  [11] 694.0  614.0  |  614.0   614.0   614.0   574.0
  [12]  13.0   10.0  |   10.0    10.0    10.0    10.0
  [13]  18.0   24.0  |   24.0    22.0    24.0    18.0
  [14]  60.0   60.0  |   60.0    60.0    60.0    60.0
  [15] 125.0  265.0  |  265.0   265.0   265.0   265.0

Aggregate stats:
  own       : gold= 28.1%  codi_agree= 96.9%
  zero      : gold= 31.2%  codi_agree= 81.2%
  shuffled  : gold= 28.1%  codi_agree= 87.5%
  random    : gold= 34.4%  codi_agree= 71.9%
